[118.215829,33.963203,1.656934566165936e-06,"-1"],
[118.215829,33.963203,0.16059438325031447,"箭鹿集团"],
[118.215862,33.964647,0.1909591034161458,"-1"],
[118.217906,33.964371,0.2747805855992078,"-1"],
[118.220885,33.964298,0.16118917344631734,"爱迪生学校"],
[118.222632,33.964241,0.1659613198629482,"-1"],
[118.222772,33.965729,0.08880714308790918,"-1"],
[118.223734,33.965749,0.4506060940082141,"宿城区职教中心"],
[118.228616,33.965811,0.9947791475724125,"通湖大道路口"],
[118.239393,33.965949,0.45123814421054836,"学府雅苑"],
[118.244281,33.96602,0.26510914313553724,"新宿中花园"],
[118.247153,33.966042,0.0,"宿城区法院"],
[118.247153,33.966042,0.7157835879066575,"-1"],
[118.254905,33.966194,0.29223729107578056,"康庭名苑"],
[118.25807,33.966246,0.5802181607031751,"水木清华"],
[118.264352,33.966399,0.16905934452532143,"-1"],
[118.266183,33.966383,0.00014452421197528524,"-1"],
[118.266184,33.966384,0.21693807686108518,"宿迁海关"],
[118.268528,33.966247,0.22015307841923834,"交通局"],
[118.270906,33.966097,0.35571119918288535,"公安局"],
[118.274747,33.965836,0.2187180570179768,"府苑小区"],
[118.277112,33.965709,0.0,"-1"],
[118.277112,33.965709,0.3954812770208354,"妇产医院"],
[118.281384,33.965423,0.19701306551220432,"-1"],
[118.281184,33.963659,0.4199510767493669,"市财政局"],
[118.280825,33.959894,0.2986668642322196,"中心血站"],
[118.280545,33.957218,0.259993418911229,"博爱医院"],
[118.280323,33.954887,0.054598840862013914,"项王小区一期"],
[118.280257,33.954399,0.23819777125334127,"-1"],
[118.282847,33.9542,0.06894194067414709,"楚龙大酒店"],
[118.283595,33.954129,0.044056992071872386,"-1"],
[118.283665,33.953737,0.046129937432828366,"-1"],
[118.284082,33.953504,0.024802257239824932,"-1"],
[118.284353,33.953503,0.029333957747703632,"-1"],
[118.284656,33.953589,0.025667753596822943,"-1"],
[118.284817,33.953778,0.028808896336992962,"-1"],
[118.284895,33.954029,0.02572778677211148,"-1"],
[118.284879,33.95426,0.4168313616857614,"-1"],
[118.288943,33.955945,0.0,"巴黎都市"],
[118.288943,33.955945,0.08925012567067128,"-1"],
[118.289832,33.956272,0.20398142526699203,"-1"],
[118.29194,33.956857,0.3659678249600077,"苏果平价店"],
[118.295725,33.957894,0.05027953980850835,"-1"],
[118.296261,33.957987,0.14569104057118998,"-1"],
[118.297845,33.958067,0.16669075669334946,"-1"],
[118.29966,33.958026,0.060264629815537804,"宝龙广场"],
[118.300315,33.95799,0.02796421458576135,"-1"],
[118.300488,33.957783,0.016356054749581586,"-1"],
[118.300664,33.95776,0.02670819253093267,"-1"],
[118.300842,33.95795,0.19211682054199458,"-1"],
[118.302923,33.957766,0.3315514820789274,"实验小学"],
[118.306511,33.957419,0.01065680340539193,"-1"],
[118.306557,33.957331,0.015482268568826629,"-1"],
[118.306714,33.95728,0.02548547893939728,"-1"],
[118.306946,33.957406,0.010911670096377073,"-1"],
[118.306964,33.957503,0.013690075104162406,"-1"],
[118.306897,33.957613,0.01498949755377752,"-1"],
[118.306749,33.95767,0.06669355369140774,"-1"],
[118.30664,33.958263,0.0,"时代购物中心"],
[118.30664,33.958263,0.343161703941395,"-1"],
[118.306225,33.96133,0.146486828025322,"-1"],
[118.306152,33.962646,0.034700662622912964,"区府广场"],
[118.306144,33.962958,0.26007458727197624,"-1"],
[118.308956,33.962746,0.25647103798389137,"秦淮宾馆"],
[118.311724,33.962492,0.26747052500215035,"-1"],
[118.314451,33.961662,0.04124843272244594,"江山城市广场"],
[118.314873,33.961537,0.36398278822051916,"-1"],
[118.316244,33.964607,0.04048423996623107,"宿玻"],
[118.316401,33.964947,0.10821763901698897,"-1"],
[118.315256,33.965159,0.043972531665544094,"-1"],
[118.315421,33.96553,0.43580702983691827,"-1"],
[118.315642,33.969445,0.08214489226611502,"苏玻"],
[118.315703,33.970182,0.35746111281514775,"-1"],
[118.311873,33.970591,0.4209820999014303,"青岛啤酒厂"],
[118.307356,33.97102,0.04203093308298822,"汽车北站"],
[118.306906,33.971069,0.23356434494234388,"-1"],
[118.307305,33.973143,0.30660121650938105,"军人疗养院"],
[118.307817,33.975867,0.3807850947222308,"自来水公司"],
[118.308429,33.979253,0.14925392631082676,"老农机"],
[118.30867,33.98058,0.06351970673765076,"-1"],
[118.30869,33.981151,0.2089506840034044,"-1"],
[118.306453,33.981265,0.08650622170130329,"-1"],
[118.305551,33.981447,0.318213261042725,"雪枫公园南门"],
[118.302207,33.982015,0.18700914708793692,"-1"],
[118.3023,33.983695,0.0,"雪枫公园西门"],
[118.3023,33.983695,0,"-1"],
